664213253613946
543936692366349
300491383388255
174800712703623
847495618608976
391037157727116
813956892027077
1566129590288131
562295783850404
174283159409400
118692201609489
1618379561773637
228988040558778
1705209309707461
218944508446507
744490488996684
564680480279487
591812024181283
755546351222340
1403963539869820
143824635795660
242252826118069
448519585198294
812502215430758
202498453218606
1628684680732239
217833758293867
873802282699602
1412259042399204
105711822914076
1433919823547971
1107705455919040
1459935674219291
1429665210644870
101020700105623
276290659220642
579048435547225
984836444912092
111801928989333
676876635697563
283844175127045
757301854341921
937669759626436
736998936396140
415297495304353
486802431405258
317708645060582
680332788762341
831920916856800
187728878083980
476175572421724
689897304394199
704150053031456
586906728096662
853565994739610
387880574637043
1578496175749038
1645094425704289
243975805630407
1386877778193667
212925805509226
1144272252269733
1428318050766724
582408881876507
1504796709787498
339156542792053
363669570439500
771779662967885
1735268226695312
794442543948069
1439373616369840
240645852720213
1523980731183686
286701701462881
333270013447873
734505556589259
158488930866186
1571031349784842
681239198579732
288818121196810
523300641085980
1507499892845049
1439675339652928
708463442555544
586947488061227
316640758668163
1535886356655904
1377015029287303
223603707779117
425752690861805
246418142125420
183243625199529
1656944584544656
1449635538622928
702726293156302
528537680568248
132704257213
341740302594127
153841081324271
234356856751462
520113928008413
573343332680895
464986707036601
424704640957187
161424910669892
700115806694786
126090217498120
1506234936320566
646370365389069
587804881272983
543328985831760
541465525920539
1700562940179069
487664097942485
898595136833396
1402165640062590
923071724504828
958270494215182
152423101622217
494199670680305
407782849347807
694558880563115
147257855320784
1411503999078742
418398114863614
129042363860333
308281602708113
462128540597893
550978871730445
159128867792146
1725137201036512
226344394178679
704578136300233
1090801354339841
149663385227675
777093415662492
854272694671545
287062954746960
819991608015314
455483237874593
333806686759201
198073880329842
509612119121987
329927303809073
1398115097103914
639993739393517
1459352264352260
595840280541925
320593188068987
488361344531161
352472008218556
786150994763067
581339361887098
547608265413339
121133268061584
456277734522409
134220470074878
263220740391597
164099827054195
502719866581150
819115594773149
292289330895572
705795189485392
864753606902067
715009628643644
1664944017079725
320778271370772
823341411075720
878858968819626
698463833587381
479965738747645
362453897134558
389788617836011
406614229435134
280248849030557
143344942525067
464391496911823
212159938976050
335167126628860
1637413313174393
1775238266041766
896627623695816
663202510368446
194546694002073
1822378901343306
387582854666582
615447755236641
1444090092525988
495416063859428
232371600251937
1496230543926339
462983837064142
429924657142338
389915564442951
597864626996959
579910342148253
1471950716350771
249103131818200
953074748112169
193478531020523
460262877388575
647009268643438
1021870784529053
1378711915717462
497411527036006
1767245450208361
443954619046182
174722689529525
1135281869833886
1527078394183020
204484102988298
407411156119410
236748429759459
341806999189964
354551731297157
526534280730488
207536859400066
447247022125301
1856221944592492
1465243627132428
440954975946471
1512240952403738
312861662251917
149189845251973
218212551640308
264880310355044
222891364564014
991468010921699
1004873682930492
264000107035438
1155864461106111
259358120935671
569460929754112
1612805268961332
1094284097301962
568414596681589
318233118264792
500755169973527
353245901379757
1153417908086056
492316427457349
485505638138527
496783317085402
240001952838347
233546193472673
226408534387421
966781106737595
1415928252049881
270076933181156
1603093816611022
541857929180264
461760297356787
585006451668865
1730984337176468
178506235635816
700586446633971
368146146569447
286625658153706
545026008916458
516798905056863
736960229666670
936133886480715
400012390135898
1105324639490334
1728697214068096
927947347325223
1032571783516585
1270575202976534
343325469101089
1154756991253512
1567741106857830
235839500122010
133372433409839
570885139698159
412347268839151
719089928149368
856122791198572
1609279512695650
937869342921347
1455034878054902
777740642344081
449423035118826
437599606321623
132796577132031
642140512597515
407855355999571
824415107570897
307091442730559
542042845846177
101785196824340
227441370716635
468037483233157
208838342603733
1608470226061984
650565201751201
987832017893871
1038494282846381
1479738688908927
1449792615300445
1659801844247763
1481968962015003
722484987808601
385631144965515
802689186432029
1660204494195438
486972588025570
204056559768493
609900415765197
832549346818565
192307200852015
1092893387438551
530398417010451
261046610706331
650772801672843
665856883482482
390301504391164
908402599276849
359113157557589
1574604882838969
125666494295684
424006314451116
314884308653853
309402909070234
1584878171785367
525897797427813
1677316992500091
438371409583675
1482543468633616
1616120698679176
336778593185441
457926044267171
282255812126849
541554819250282
271590179613528
575213432634560
215698115275449
804783082954627
384707935065767
288743771286191
244674835693557
652547931490813
226569560756829
164397050437065
162488817274660
666073976871072
494443310633482
408102285923473
384102058397607
1654436074801646
444027795640324
1572415006313608
229259317227488
1066900643390059
631029293659921
589518161095279
429118320471209
809882722437981
1445571332332365
1468085496754416
739981026024291
550933375044698
808925335870412
531189083622335
603573989662016
489188387778617
515299615181527
319547991476253
636682396397347
686261088151028
227544007439474
1435846190032413
1677026079195836
1380711398627035
1532742113611144
189254637907742
446557488835994
561070963943873
875335815943850
219685604889604
136381426428130
431478563665102
478203675639875
304070283045038
455588854524356
1468282336724360
296496853804258
243487692415593
937315192965379
525255387522855
102450320155989
621805964600027
161842190662043
720280854658008
529141683781602
544054195658061
497079993719966
232739220197881
402092456570688
661555620528582
559315794106467
105398402964236
1405453876354099
569662359747332
722476557773093
549565695133638
487135777998068
1415711158696128
209339705783384
168344876870213
599272083500923
642966262439189
602647706429922
416305711765973
1389353807986776
125489490954948
375199469213678
767668079917705
373981345994160
154105831435966
116720948394763
454430367983654
1101008956630730
1436787696585859
304169586404433
404355329582339
867493143282565
164976123624371
1603177593283052
177161112395036
195995180569673
1760061697614257
1395994457311058
142700772567946
377122675728154
789363654450889
564469606932444
497979503560128
1731591720402207
636009033147376
178068829065384
1429486894004576
616137825103095
280454742126610
513799622115818
244225765732894
535513333219458
1450284195232930
666689443362392
228718824154829
772610959449782
1797802650453319
1672678132949328
586984748040955
122275807907807
440443809400025
488070034572674
401307683342139
1496202113944379
914817761997450
297906577042130
1422248434733600
1411710912426840
235801429909131
494864587284626
645027908843062
303954249727370
543210092456577
289749027744584
697689920247489
1413656502232773
416171541839107
255134931261461
646057298808464
400518323355874
518989364880473
186755371472521
306588339516199
656014237810673
101459529930756
250667411797704
206063826242638
1519757038338954
555676774491018
756793067664154
203851646666708
1510301255952908
502692343130547
470431879827959
192744594212208
351998671594999
477369302392172
130264957378522
835064046588055
725889000804939
1416576968601496
723097811058166
710572258971698
323530204410470
532208366790951
146505435499156
171374519700866
349220145167768
516262511835226
511157919026185
148775702153714
416851638459362
1498081530425079
541118582697226
124025154457162
636076856417406
461465053929744
479720692110436
489785724430128
364419513694394
110592765812876
136924989740919
701059766629418
501008566653483
640434226051629
345624685548886
1496937103877197
663548207014203
253408581519796
1013673995338201
1467939833515306
287102074664800
327996107258915
738857366156874
590130671043569
1585273918413070
537454519629903
402908229851158
678409515504518
650918811628729
386635834758384
1463992050484655
465771616818400
949508991743110
1462307754020142
396840277070699
345199895558751
596291897055321
1555867274634126
153273781467103
184008175128587
541270822636390
176708345873612
1010946042266519
367276643413887
1480412165577557
1487256681491074
231702117025293
885732688172999
808356402550201
1407219136268341
591747404203476
149954028709259
191066217726129
135920359831027
246867298786130
128471553848385
373180522786906
390617994406550
1747366032213004
1382748185351719
281334778692054
288648204590023
469721433106545
283151301808745
187854188037881
182680595200556
370356283107571
1403873126533649
501353726541976
353642668072216
320390728074269
1398526233695534
388273047929446
609218029240483
200716586655013
541562405882827
251320444951245
581160058609589
147921058728693
460630344020384
270056663084955
559439930830407
921843791186069
729636380463044
316526875156452
428758377187389
1423743237841441
586770471439979
542822765767263
576275112491068
774564572562905
1556920094544163
476559909097072
319641144825770
468567053221468
1442978032584432
802258309865126
325386904207427
330169700511979
614679928645804
755569987795047
811381448873135
413874138807865
1024307607668139
186995494841180
224002271140403
533929196653161
651217371560292
831136983571204
391140924303001
329704783898050
418748221489669
312672215500437
100958773687307
173474532667825
116769438462861
670672679710283
993421834006580
298264483688392
242540509473896
463792650402491
591370934291804
407682612641216
592735144130986
741430035867135
1752234341725817
659777637383045
1009318879083537
803747646303050
1395253630746228
370329533095214
385698971556228
1698358440429955
137967519587841
1430626020542309
473415199358860
1391187897772704
116855481800567
173619559325955
1659705847682172
540604379312738
167752016726284
376682889100672
337426689683818
335779283196243
381198938645898
213101372180721
298643870483620
343840892384587
404588843007266
417043838437682
176562242365881
236280963155279
279168922287518
634504193335242
296494033814172
618263244902798
693240847450613
579258092158897
1501975386684037
732848313394193
249442511875109
303738959735735
1405639723037741
1761394314139617
598652866885726
208869692525752
864902776890219
426396657411764
693102110761084
731473386956682
391964097571505
330135173709392
132033443625393
416243748396518
1465944983618321
433092646767295
162134544213371
577718622430833
370524396398659
652569151458463
1382887395321478
381832575216971
1764873540460582
215162602026118
248348688516805
977736245572893
1427981144181379
142475742543344
368402353285852
538000153056157
124811351012671
757222717663816
698028683591444
1162462553825600
1774898209452895
1451786835135564
345495555782468
414829095290449
1643317312586125
1054966764618245
122382684558749
503973699646184
217029148433779
450516561793335
157278771063522
577771252303991
1699578850365443
172441923192530
209752206038362
688183334532271
547818598604186
139135766223407
152645984935737
1392096094365200
272064883000979
1431247723770636
811250005599439
500531140072841
148610951998184
571273139582127
551409221576222
682353761779310
1094730583973903
462874497125788
342395805938660
517495971696925
493043574085001
507855319330472
486980998045569
556110767753327
285041094944145
286215111577392
558387440994720
136029139755344
159959350762089
1493425460871339
297590697032282
136195736546277
218355558325530
1416082845386809
1200394970037740
420511564723718
174880326033555
482366408454140
1508317922721901
1441672156058390
317396418443335
311414029250163
1180792305275366
658786860860790
155752634530824
511505252219061
1477376822477654
261507203990791
310481832365595
458887150788580
495005110572204
1435158333388492
1036876486402535
307879869261026
337642512982324
731625330200069
1720613114821939
270770459734623
364840910292870
184730418261517
799613900102960
517284801636782
997014113777122
461714203912655
286527024787636
1794640830802002
229014354109143
439376159487018
165388567000324
313387138805852
716327961847245
802799193099774
455914847818867
257204437767549
136681739809626
229244010425617
734365969920670
353787041364938
138207959700527
1439256822956796
308174902888847
1026545000731742
320344428322322
656000597759522
1799171783673547
546840938818618
962400227110360
276847615815903
540513905964101
269902206512068
239041506282300
432859810124674
527198794004813
946039598758352
124025474322632
568736089860259
1442852162684707
257102384497176
406768439437029
389133324555981
170722816462037
311049079026468
1679447878989518
627577444082095
668612836502675
454883864613624
361320780681134
857457770945593
151869815010111
1670526333193666
516465105085963
487188431361215
677808398907365
585327691533102
228201747302612
649931215017039
1392035921040972
740785755979008
508456795853710
256660151120104
299558353402631
1425215384368651
176902189376172
544000408976570
1756349057974988
612080558874681
1378592192361378
109759376162210
376010092491758
269444683156544
1623540004606755
211825608915732
980263628751065
459943064048417
730953633628359
153478591492171
1160332954049937
722344317919262
283654985067429
487719054707394
502915596444638
213326138703612
218088131709139
206030123153898
890544297677103
408154775974757
1653008781579139
789214431123981
616295988495556
130222267177911
521710417910388
447290112012431
243832455647891
472251072850170
529230000487550
371916619593836
126110784217105
376363219114996
455140377926843
159066327606199
458028170903879
104262846413947
788346837851429
194228537352664
369889823083203
166910966810690
147708259027841
219207424809040
246009845522258
540046722714107
413261928750869
770060193018122
136250529862253
454620371302643
410528502305784
594826103966042
183393705141829
327625857306206
458459260883758
378628615584963
365346650258127
311448945653148
474243822612221
1414111655536489
526708187381913
244862189002398
1410792255806575
307472552735219
1045318525509475
299930383513846
479484022118158
177277765749470
688722981138983
526997654046274
555035924616884
416936828412708
580424618670821
183039221792413
183981335140667
337746232976574
236180376721290
1499228606959003
201028070083374
814004251945152
479429078758311
1184311531684322
1136612496435156
495012063961331
963898546997382
626468984090163
1743875829174972
304166056387430
419716118049589
510302215668173
1461296190860135
235357153260817
371523489645323
667385893332827
420622021283175
1448943125354555
594864413936269
618770104882761
363382020435989
670626069702684
124377267713359
372878899726389
152390088299337
143324815878494
283497655077053
120916104764313
306471136172419
587840677900770
611153478931461
1487479434805247
594613247230596
1403915439878131
402604773163209
314880845317893
600946886607548
296519327110795
214030042352549
1725527784436319
537499349598277
381218578673700
520793744760891
282189015256588
1433770296908731
344122755696949
236587156416459
475253905922571
100269816833028
987082644753169
302125433261928
322183131211526
331326303685188
409882455746330
255304214636796
561497203922496
618603268229511
138500103017586
227452904126917
867958483254197
1832319110385320
499463236731795
628810487239665
735014893202977
365954163556019
1230531120298137
1381020922125087
361029804232209
226518467501417
712385658837584
1231739096849502
1815749172026226
536998403064059
153526108186213
364868993644728
262118973903786
437951862958699
967331930064901
143330965820046
239671746104893
162151860598139
406044422840163
268663583240992
723349827679831
631417143621754
1765269727088768
649644088433541
1386294744983040
554433648079728
428973830481932
514795611944296
468707496475453
610621775619017
740025379353522
631695423509360
565974756857930
547512165348060
317634771594341
453111934789604
1525183464424815
569786076366458
445087202259425
248188868651912
619057124790280
119808221563102
511086955629055
1664792470455428
1434410863445311
1646899785570455
122494661282711
420197181409141
126567034092550
107621422712661
644954198888310
1477968339179596
570267783022689
195509603949074
261860693853099
185809114790959
181774752013179
159153080940091
280884145386224
509714875792577
218789341568271
185343125010006
165864580224249
454197541339029
416310378466839
464451570343705
173704522685661
294749110612051
129717917193387
662715953751582
466959343354613
299114880467330
432629316834120
547138812069576
253004281548020
415474161828240
147505268784222
153256315703
113060635519937
282635118562673
1216011505150615
611501648942072
596758530435612
224320090976507
448794095192605
203691219743492
593555580704987
144016006076715
1523732487842467
442268429204635
483987234958672
424094720954138
378815942261115
249978345123454
384780051639067
375460052522067
511631732282299
241597642690673
178776585579387
135422570300964
140616222800341
121834801324466
296365050519309
154766694667286
232785766734
429430433856945
1313426065385587
465879050118784
202180123247974
1375825436008165
332679606748048
229492677427738
603460189727600
651087808435509
216739051825205
103317809763603
184341448436118
113209388832571
465246590216293
1656179518009568
238389742951975
658348224235155
545751918835825
1422254954701296
408925029142990
523770827735422
660204320658499
457733967655981
168547473337670
169269869754282
459989904019422
458070080880064
395449180569705
478930058806078
1448414282079193
1383360858637804
192395794155587
111807165642303
524245337643426
436335593071983
225686224281376
111034362354371
111856452318347
421813614538629
397901603579059
511218602240373
197771100426831
273513149399254
163828337091464
444396215645635
132259280302930
769389676495913
204971046545170
428674280537996
518960798236258
292957030849839
360867691153
825073037507741
105154379684307
363490677117444
367637959999820
407301639342485
205316802939048
417289988382874
318202824974992
259709367512991
140363819452455
385852608170001
573880779347587
454983847846886
377149219041797
352463238097584
219436954864090
238955762924399
185023268354369
273831302723384
209030259263201
132027916968626
125697874129921
537286239695625
498891586791628
555149644555106
1412195562328120
274147092722314
1407879792768122
409698152466624
485538034816655
196555123826824
1499858866940188
580725455293188
683925094993099
141985019287307
246832992171601
454865377902926
103072879786033
463553403739777
575341192580118
921650824521577
234214563452203
269294706511127
1415092258717934
634256496665128
657299970994217
456358674439721
111257002373913
193268050719579
140274252811477
1696073847322285
280402858829526
327344064118044
1478288255722607
373012322769675
274668022678863
178866038966155
191795987611964
309929645793538
1414778478735070
205607689597226
289537967832145
945500845460404
154246454735700
305023489677081
215853865252486
1490470594535665
492784230762506
182203208582476
177415715774560
630780406935016
189809431181490
349070341927613
1402734583278816
691218667671000
487913944586410
289456697836530
677114585666449
312634522206280
371095956414137
703992396387404
793749377311059
793748603998708
270410873110878
273860486050475
271698526369828
493377587371960
291461037710900
1571374706475511
1663583273873738
729317190482452
317619265114728
367220940050447
519259464808078
711866872178806
259533557588005
1375378612704272
497108643669245
466055843440233
758218534259831
1400780890161069
624924147544383
742887725808830
215627991915327
715286905214394
1555886054676815
257623304429834
285323244941643
1424783104494677
685835494888763
1617674995130913
910213765674838
1519701441580094
1585592041717100
338954876271957
1607859502763386
302840783077442
299384236894628
479151798790980
1524827814419803
613166835496186
622400664498693
1576769775933701
1481436992129939
309329082411529
1585843381635519
465346030182989
860387517350930
1499511080309915
1602054576676071
1475241802720043
1805372443021142
189572341234569
694672883972104
1443665325849824
1634947320111384
274289906113382
470801849625076
372659656213455
499988396704337
134197873415007
358880960841509
1509102202656649
1398967413668779
1598802663672960
167502033420676
1481350685498420
834573499956095
1548632765392070
1571482779748399
1470235776523564
298378537011732
804200556310643
775434205868681
333850613491188
667050846663121
685489208214139
197072130471122
349076161877859
1585239395022722
322425854592184
846373242102491
952273714817704
504109619699492
180928435402060
542105902516367
533811160088609
680013228788917
281211161981478
450785705064084
1473217166261671
450017078421382
972082792818036
1553354018259060
1444517449181002
162434640565294
386768301412902
1374487479451897
1554740448140257
314649138629657
330723493788470
761954897180076
399081886834792
505407639525753
329499880570686
672277476172312
146608675522773
1399171877076009
309897512507863
500735743392127
330086150437945
126423047556426
120345251428137
675626062468834
301264096645635
792886864096930
755116904541235
429062280463379
381952678571580
1401213496792702
1544634652414946
1415807218661797
693542387374247
397534130423979
1393391830885691
861814247170248
634256499964812
730849646996254
341505089219088
615099798603561
795759587152179
688229567933590
244068049128859
547890208556780
1375921839401285
416399478538169
1549915461921599
384128301642852
160697407455557
1567690246796693
350404208485279
361997930653036
704247146365032
544479235625499
311493042317553
894221120600005
1403132043315125
791971044225030
286344678228815
433138386853065
491174784392809
412282008838071
321962527820420
967269476641299
377586592348983
418037141701077
743371145732832
659855717361469
663704953662942
571381812971949
861615210572374
484633791648539
190386451041882
1532800203655177
658529757495927
449973888466664
417382484975700
448077372010868
143723452446448
350440885130423
539816919462595
1495052514051501
688006111209615
311672292374565
279332588844409
338743829664991
432100910224405
306717176159143
519864808030330
535652486501693
146184075574224
730804210274013
1510922849168219
388849044640942
133266253535956
259207707552865
161829727342140
210349405811516
1546975715516485
1491771787730337
494065757328835
144935689045369
364518780297748
1450021308573082
575004452513281
622089687835637
290448417793892
486792664776240
605882019437831
547636588684181
315508365306615
270093043034995
1484582478493835
212933405566879
1422386644670437
770446976418945
1583784188503015
1543812655833789
823175727692429
266854826752990
125014580889928
121008864714161
147008048841031
527154164026693
1568478436743504
421356028066156
1602880259994584
482377038480722
131016027090388
1464872613783804
374465029337889
298989660282846
651319931548889
933479776708738
258051314311632
275622992593473
886481898061201
953525318044235
1436223163267879
453201664754779
140047292855976
537638812945418
586331714817569
808913469148176
280971262111845
157738341071389
375467585908569
738165156247841
1385391815090289
566444263398426
1517027075192282
1531081603802381
1756673444557197
1589474937960786
1626983420866217
254026661454757
548849835192536
646735232103304
611848355581555
700505446660308
156577674532372
1496584640627421
353928778069410
362671523926253
869407696416577
456677537774107
1456924527930374
106608662873011
1452171365094153
934671266546330
499774943458258
1638338929780245
105958062905456
108399572657809
397471380274040
1497939520476752
246105115432855
926265190758668
552140728224583
807916605918891
308608992526311
283297721747122
1423830104533907
293489894102546
788408897837678
616669081742249
736299499794214
222297377929479
1387519568147205
737824829597753
411211552329422
1472106339676160
872309802807473
406188016094181
1476018482619538
474456085986646
589495397829199
383084621849038
670077776351704
1480603778824335
463165640406594
292405090869933
366683940146737
1529718990607102
600961266618116
536839479715029
730166697035289
764978700288869
275754809140076
343618079132312
292482014250821
1580574012201344
297996246982390
564314323670327
150168788361266
898837293460620
928406990533859
347736938740689
1457095454534246
220668668080170
620030184789810
1377528079213068
753324381369262
802406569838590
654122914720239
278802982318319
454370817983359
467493903312565
1114844001865329
1506656272938960
421866181214814
217018111810168
1091124020903820
299692580181871
467758693308186
280922721950871
145180529025037
849941931710748
348887568519700
902862046400511
1460885580811832
717103598364480
339241672935579
1499970206946378
240066466101720
1598226840392616
425359960930546
1500610920209753
184800044987004
1477592119215283
443426439094155
175624572780066
192196210795962
147422292109296
638060612920516
252323634895086
1415802175374486
797773000283556
301325053340272
375388289256979
330772343798637
449880331833292
1435533623349471
1435818033374043
1397442920469823
1399111463669149
564201046969686
130723350625331
638642152813210
580059342088789
145649752285159
1090244601000453
1476112269318745
915684205155763
721511787888565
880258021993596
590825141043908
211307815648107
1556377934636671
495630880523047
357186954418152
174524289417774
707661035913576
141429045996385
639713432827893
542115559182231
335026483308751
337773509748393
635214763204078
810799848983118
394307824037236
1589233881290647
655964817786605
716376941730655
370740316407658
241126059407890
393890397350652
478985135472947
1570086366591048
374011359465956
219338664912731
712563242117300
1645714815649391
487611594711276
1058913580803503
1521758301425360
450094875072016
1578343315770891
811020838936857
484372018242546
787642341265319
205259989659278
346394828894805
1614666808781201
688346631270783
981164825250372
633273323390676
106520086150160
798131636974503
652658714868440
775553935846064
468320759850573
161890287500879
1484166655196088
554831684651511
476440455827565
335842559942429
1435363333451888
1424333751124283
1056969977662203
1511357129116528
1580139535543375
1573770242857899
454526114667300
809027139151959
1559640784293523
771655379597741
630942263589889
256201287876129
869019623169888
278729298900433
1457888104522255
880595798633938
114368008727932
827757893981630
588371891195349
506831666077415
490480337638865
911657138855094
321380124580642
364703720369009
846002345464459
1400238206884056
1568411686730937
541005499315162
1584931965096303
555368514522842
112624235742341
287041808082670
484239334977028
647734242006891
669900166359958
572050672945174
447582588749110
199335256902117
703728779655772
684690248342725
481526471887291
827876623901045
235050243326681
133721653449133
318355391584343
484738768224543
487371258074253
204709569862203
337692326404107
199118773505300
275939532481584
206803496113402
1391193004427784
972384656134944
811570182270958
1478826775732084
338397876284709
941536129241792
173219489493742
405538449610402
343334669124729
641741319250870
257633387768469
123007791233593
484101981736905
396100787194997
418795534949424
145475278951599
397280313720067
731818146894290
907955075910002
683386288385709
521862454523459
373885522668672
840105706025454
1610971465826150
311027605693706
209394475850884
931957210171745
1424873424392630
600232743345789
1423091611287591
708185159309527
1485397108370200
1855141464711527
1489299467967813
1444399465822787
331486376978700
666786276745707
386412421458390
481179055289225
342730762540708
405673096268557
937928879555903
360457117448163
1444579025777168
249693001797666
488194661348914
422059407911189
1416413331937184
614381965325243
779843228769083
653549304744499
1558694574381047
161857030583199
202906793231685
1393266567591699
518253828244031
1457234874503282
246122212180925
585130644937425
739923112726106
577498878928628
316834198464575
198589163601205
573587806046769
491521470896360
296261847202580
184085118399697
351174338347396
470595029747013
880228235362633
273285352859130
634576709989670
289370367918467
525022947583357
237825946427033
545094905511219
1465910380328576
686282201490708
383566045120989
111873652280655
1704950829789706
174707985930472
452243038187477
1016331311727049
699960913371411
309099255852324
677572582353576
757250314393395
313174032210733
1494472884157794
464461400277233
401081816706026
620310798048744
259392437576347
332641770230794
288889797951435
1422411884660631
546986098687818
443612045676552
173008019557074
456749591125408
176839182481806
454636857969049
790567881061915
774015756025357
284847538319374
139664656238665
1502198833374133
199122530231387
972441072833704
503069499834654
372740776084573
622184024548989
450348235114977
521286271324107
531063810241348
1399194570334894
565203936919487
728353617249965
1561875234034618
742042362530906
964890150240627
375535345932425
765229166888953
1455484708004372
565813376803127
774713805942302
181644972021917
620426141387376
606395859378947
255600104587794
399414200108826
455840341173625
453878627981814
305554482937639
280531219907
135092913363626
720066281341713
838556736177574
412606922090802
181244268730200
492009330845535
550615318382871
441076189328600
290383401155404
309531149120756
505838746222818
505025226176845
1196475220368392
730065367074812
429790260424007
513918191960593
338279983003748
657068287722425
796254053781908
361581920582317
506411996137139
133781076774046
1561323177437038
307044222810773
597705550332716
719582451490747
408445676016745
500893610006767
1545450372418377
758996724126939
811135345625345
476980082381973
391782610870757
197520147077340
1395546890659269
393606854158251
654584904601815
400503333463358
713458558687684
697772227008832
1433140626908082
674436379288371
267326763475299
253364928144368
135162223305531
864656443588169
203995279715690
1517339045183937
703147449733944
107483415983848
683357855037899
1619025891708772
528779157171149
228180110569616
675260259214722
424769987549078
702385639804574
623798141032558
1005025512884418
411308349063630
435520199937823
1463247840601468
501366439978810
1698547437036984
455716351245198
1517592461846933
400206493479655
604467646232776
730182680364310
354248638000626
101236850026837
829801460438473
661880690515898
791566067606348
255324541268224
1484686618491540
393462330785085
1326255924179564
391427264342087
379316325468554
631610983519291
1507706766125983
448378468579741
1595228827363484
599577333393538
1037566069634319
164651320385422
517202611756515
1412992732267257
420710438116048
836938256371012
694345420664432
1628256294087987
867178216629023
486327354745492
641616195930979
1452053485107499
241832455969114
557669967617247
1523574327951983
1493459310926827
367775980083022
947336858642745
1564741427143260
377107485743160
1657806517766590
210698595696916
532345010154845
1480347552256165
526970057363041
367138946680637
507782695997025
1663411923893637
450850411673785
777275649048640
412402218858042
170526176477096
199892080168147
453635104818736
718664848156480
763531340459715
666483746751676
429137237194787
545206412228291
363059103813429
1383023205271662
569610219732038
1554737871429618
622291861199322
635110466630140
337250826354559
1494564687485874
1597076747186291
342259219285974
313928795481833
495466287249017
223840014490333
139133562941665
154863828036217
392733634183144
790582777639622
342577265845951
1489569027961653
1387649098177436
128724643973257
407183579386417
109932759184422
1599858300296404
635569579798188
206447292872485
896538353746649
1487589278173673
452124571604023
960088167344521
478080872338674
539286619521703
651260841584805
600392383389508
139905332822545
456686394455955
1414398685486242
1376679969305691
125402814269582
539140242824375
1775610912680048
276112552529408
293576141029960
756938157748366
755338604486757
1490794807815755
952948354738588
867831286633382
1400165573535980
969427943079025
250911288365510
5583094577
1161788727170519
356224924559361
592033857526813
594388390589220
1632950823586205
1450914961900742
511410065623778
401223656752660
484429084941119
530147273709707
410164522380948
900155723427124
1514822835498410
200754250091769
830492070391442
365742240250147
881374731888167
1538955996337409
155798474595630
912758175479529
381974525263037
517047501705641
588489394507960
287927151352197
1520992218173757
648431048586395
811802648888232
135309289935861
461606747256076
197150753777690
851154954897394
145900912247403
507737959256104
141981542663372
224813714219685
804136999613215
1563275910559971
567073086639524
244680465961318
362450073851754
283139895171508
626675157393050
914933695238759
920013831343162
216206561837967
167379993413381
868764513189919
797839920283658
916298191720995
507800952626005
130149553833067
552565798135457
977022682327565
666858453356022
906754306048594
658193924199300
128500094012822
336258123173403
392992204116843
1467249710166934
155340571315038
1600601013492832
432687070173527
453818031358845
931477960210548
253819101486989
615925561859767
697106020368745
1651796065046765
497451803697758
416542238463096
607873179293525
398476276933734
337936899648291
635244283206102
420326584841736
544638882269464
1448596995407738
239210916235252
302360929936031
153180154873890
296260520442494
646891778692696
630422137083606
213792532119990
1099708183376764
274640802723801
144057185787961
1496558513941062
602582046500858
250667658395591
801217183302419
768437573274226
495987190434204
234092286731211
487706088001439
258211177707424
508581712550604
1413700002220241
140875126098578
705877432832798
1618190125089932
647236795351111
304348103056681
1661737944059411
465999833437040
144538205732307
282531648571819
220442528127555
539335859467334
102012199971674
233906960072149
392944977536459
290426194413605
1393806917553194
1393805204165094
312113342319844
1462046420702296
915137865166421
100545266788119
722705161154141
529496520416049
661545887227192
134853409918084
1571098706441849
525823247456197
591390800935838
587179238052576
341860142681030
529335297150455
153315748183290
243513465777382
189087814575534
550586854971504
317789791677182
654994924526222
303868119714837
575108072520149
611402149003509
389054917810643
318044465058331
208896732567287
1614774528750347
655172744527722
244462142315232
587024011404249
424971397633888
815374521839692
172877296201273
604316062923128
478029432345877
270253233142829
306786679433806
1110411022320177
811230035574099
217993911722678
238847629569886
522822204432783
557743107616252
1518352468413281
316960908485256
847925738583348
651883048257990
1446944565540572
201384349888419
573727832744283
958747204140468
310639522365297
400851996750286
855377067857875
597112977002288
1584795141733693
504112389656725
238305366379829
159859570874226
141080069321802
446503672166595
517772401618874
505525366148863
539554362824042
659176810773473
1406735292957825
436384883180656
486591711410155
431091640322529
318841864923170
440037299424562
1391324054432718
510613158986959
135093020015724
351581454952854
175518535968880
496954887044100
485132024877229
470801933009351
1527868084113823
1452832214973616
417382065046598
1510949022464473
704191949591702
512834805515833
523687464429783
152181211642740
137036043152838
388011251302730
196668203816834
213876842088791
393149054104805
581337888659134
545179658918095
685359398192548
1416144188620085
718149228218511
471633269637404
404003743046749
582142568586286
327921354011409
368734706605301
253481164851985
654923621201723
180643458809031
313923152053046
307171962824464
595124197189949
1448743058770947
617379394999288
1374847426156142
385520804868661
806164989414025
1439674156275508
742861649100868
1648983721997197
613229918785323
1462461313991413
791790600892637
382407318508866
1590371861187016
454893981256828
1413489052250516
621048008002680
723438434412072
333579133433981
220562411481647
223176151225672
429639827113384
258619184290650
473025309450852
342076939300544
494841420660872
185145941642673
265281146933786
528906767168893
164722583713636
770538532976471
595585153898028
285576968215030
162800097249100
379514525507205
451097254912071
249107498605429
571438159571096
144740862380047
162421027302053
454484441352311
1536133083276093
697110717041589
1713501245550723
767172013319969
721777084598266
121841284637772
147697052073158
745110412230394
555185067930164
215380998625040
364953786873180
168403159960704
534753919920812
394776243945001
681540408554900
342865935799500
1449558838651188
1381678308785196
624769634259536
327738810764479
818201121567056
427815167263378
298616873626095
362034233936262
396581570400617
444944158885936
170818746414358
165772260292072
262500867251715
1515692348677590
841594632535648
1493954904201171
363740610417167
233618820095986
356301131236002
1409503196010959
165456963621314
750867524984537
188443377986646
616614065098705
155271474672964
190924184392408
526940923985274
522308251129522
766726036727954
1422660651312316
702036319817964
1471163643113128
702924663158057
190827217755191
652340344779884
1531620017096277
761160223931403
448840945274457
1383989721823551
434115640024516
148692978582885
1448228145447957
1445517089012050
351581884986271
202082750003073
750999088250570
566018336748334
807820285905465
1508486962734328
353000408191717
1593199120895299
919892211395595
1491201997836125
113194592213196
571056779707015
428095034009093
812688562122405
360966123998737
1529922153948600
485810231495484
336639366457584
818872868162117
1476745862537890
756797151022625
383075341771131
560678784038375
750954938279899
705038732888999
907685912608443
590036194402421
351436868340242
767930889904429
416286125135295
232592043538751
827458477264295
1437485713167973
140433282777869
773314322691320
204962153024622
1511476695750752
364833106967224
371989416211680
155204124690858
1459006964381722
155265321330567
402588783129749
736702733044443
347747765380509
1470074169886917
487699031377171
1430098330538324
636136599814959
419092158130974
1495745320656332
583597355078963
289333221239437
863173430377094
533348416736117
689219234510451
606078142764085
826803680683414
1567519053475640
572086506237059
599342023518828
388157784689610
367403643375028
485543061563635
443367135747656
496719343678681
284996014935607
287054604767604
1442755352679122
835117529844718
352375058250547
338187562941485
568614419841009
421794951265070
141691582641283
170583286415540
942701439091580
344546082372709
480491265369764
294800217315766
1450353435195909
229801403805154
732412936824727
524575487645162
362670063897757
1554251281470972
279100515561493
421500651331797
120394724837444
334350226654457
1417795808433575
221042174731135
926503150701088
963893696965158
261617573937927
265578100290310
759494877425693
1385338445119985
188991197821626
502632559815334
813863881993934
463083010435915
223103287863095
512725478747123
353724861375850
925771840774208
382524581911531
751081884972365
479601205569428
1395999767287265
649985265094632
1567511426806459
755123951203902
436712743042774
1523089214617309
727722133972426
725275737554506
667604393304722
534658443233112
760118164018815
685414068141303
600369650068023
356881314480678
1466738540207621
145333559006130
270279106446893
760536567292324
455562267856879
1575397559372715
346969148841623
1023871327629718
161823124020384
1563744840511676
219740644841215
537472729638345
503361859776852
327367793984275
760404297340057
325031347638850
815083315201048
1431559973760322
222097464655742
269354036578279
387965728006317
1375959852696886
234259336590662
1473583036259632
192869477546736
1435231993388431
34953421480
687280634684076
487022667982166
356824124465633
225369644266085
394712530639956
525077737547506
737091779696302
450024101782583
1572499272987671
255395564638355
1659907227576548
668999369824341
314332925378620
345193272278241
259781524144743
167859616756993
666913790037167
785992864817577
333684970132758
742207512459794
428047470685307
241541302703813
621861407927545
576573102355743
1398288643796890
1497443620489710
185524071561637
1506756242935788
1460856574201281
968021469878750
756910567718424
161797064007765
391713144259377
789797767767120
317676141761477
665959436767972
224228244448324
1487344224862054
390126964384888
330510080407491
486400504767220
237172953082633
561603010571787
202619773207796
548535955246744
285111211668173
748468801877102
703620353078671
320630141431702
182550511837400
508319515876419
492727220767743
507331632659652
433696756735275
356426047818613
354485264652981
254371488027631
423116611160324
512707872200157
1531164753774033
512040738928376
360754520735282
565453393543211
149876918506332
289436914449114
1512736212306541
477653185651472
360302077419397
464458783632752
181355498655169
200375403455368
698521993518893
366609410171464
551428424920823
1487865978098643
790182781045629
236682763159647
1098883993456925
399334883466636
590542670993649
615609255155010
878280212184195
258652687652141
541134465900962
365430263578201
398323313614867
442680539184433
198514153660981
548771938516649
234145426772543
464808503635300
145015492335639
322028327896426
1476338235938567
1476335539261452
358799980889396
500585856633330
1482751798606937
472557832879300
1532989730262207
328011114053485
805440182799852
1512583382298567
696392003792864
150210271812253
266128190105977
377155642451056
306810782767070
745900578797046
270139599850174
361353490646320
571198066236340
679066658877778
198395930341159
1490323767915814
307168999384925
1530261733930274
630235243773942
295754837294190
349513995252186
801260929934001
1424319981160876
683754128400888
330844310361914
670073196402051
369933716527142
707715252609374
216064825232566
497990536878216
151731188311123
715543275177796
1515382625404506
751712298274632
1604657939767109
524975284269643
183946318466092
834522679978528
314487978618371
138421152969848
598058316922460
285414761499754
571520086227526
554439647986665
1407694562814773
175218812825813
532267816901229
451081175020950
328568363958673
375807172598706
583378635133187
502597859903918
1500889840230664
640828366025822
474743439326616
1610151442596136
505651369505277
350897365005578
1450484458543177
185215258326416
715410811846351
535843053241018
454528848031970
515196551869416
667356036669902
195447993937470
547327111981005
564885420279544
602404793126684
303222096552305
154220034767360
395093160589674
686811851401201
629381500473601
634734546622597
500667706763577
1628147687419685
692167007548619
1399276683618714
827286910669177
703824939680563
599885633377976
297856833700483
1515464008690433
931968673485888
1464916990458233
273024319506212
398012156963472
754569491247865
1439943699607230
223020064555532
482535095162598
1375870749350350
650905478362913
992210297469392
830730453685672
287137674738418
230052790512958
561886073850454
154583344887783
337781343080076
268863699929188
353987231411554
462171697233756
282972691776961
525571927460659
898086740236733
291699697628721
1528140424093095
1505480049689281
145558118978335
520906491322601
322442394469364
189943437813316
465198710212415
514683455286754
1489625451303606
368368906594623
406962862759675
723193141055401
206505619534759
376273035785804
399200730172122
594498623896619
766301690095648
587806481229657
401144643234684
494211737351983
164494803716141
214556252042092
197326990328816
1525910277646446
1482303035327883
381525675252294
673583169380286
270287586402929
1482295072033192
1457089457914540
505698116170783
1419692171667161
222581624573034
121845167981692
912891782058488
760870607281409
162677263905838
131942476971113
1659346994281244
470253483057898
787239077959685
427156300724114
182232465288103
104111399728765
1383603138524301
795770807111864
464320936980148
552293541486929
773992489341051
2225904316
181076082016112
1526520904289519
735343679854365
1469242926640355
617884238288731
595487823818517
482384988534392
356156287801819
463379100363845
283521185154636
340292992789852
143088352547897
1507763392792098
256506321136779
339055729578546
503356043025813
466784070050600
498710223497210
397007276996670
753132578051973
314580532060977
144645015711725
167365743397817
366128376795981
697647310350746
1430671803833023
1476584502560136
1498194027106709
472429219495047
386010184891463
1497661330485998
220318974764974
1552301121678878
127439434068937
384901488302274
455896461157857
303594466412322
703585419683615
709433522412766
433662290023658
393867980698106
411463622294849
1522587627960021
546015572112853
265710916969995
528749503805964
1588084951417597
614254755257813
661723097243565
435014253218542
1432163670357360
1416271161985041
171661623045120
326804157469393
1390228504547222
1559409464301042
483606675109750
897637376919757
1479281125643412
617382524971017
444547288927094
419355138119751
337529266333359
1479881372234217
395801870532222
784236801622579
1432675416954893
539004686226618
659480830804867
778454612184193
409600932531800
397926087053611
582342111777992
1375256719416009
240727699459471
368095673317414
1381690442121822
788547997829914
1421370241413241
1420041964913568
493994237310128
1543801082529462
285836841609980
369695553185815
1514957755429109
811959698833627
556398914416618
853970194634088
883492528368503
1437942563117051
250183271807096
1436766923233537
649543975167468
392404207511255
384187605010288
152179351612652
741898245848765
144041355764623
333701306780666
1517161771885681
252643108244440
1447778482161608
475361079218559
246098745576879
565574533478330
281592492010480
298775353664842
127424380799288
612270185514540
180778182123853
412302098822869
1496205650622311
255267317981509
1479894185568908
443560215664126
757706784278307
1517671661822814
1423784677911033
371215982967530
871526252905385
550293391679325
1380320198855341
1465969667023548
224214184369785
956468694367759
520347048081946
577178152382826
1456127404641862
319606151542765
469964496468541
591353674267086
1472864506327791
1487970151443714
567565683305162
429858313819475
779343402129542
1004083342988577
258957390954383
1542667809352791
295652373928257
156902337844592
603352979792513
284687045036986
336104416544387
140889049392707
501733326605247
696530840462935
502491323102780
759227250814607
160190097504743
656765921109296
582060825257265
488517197897969
531293800322396
515573748476193
349123658500823
1593395234205443
1400758433473912
507001822712834
485135794880478
728913800514177
1533554836894294
516592381706762
1735770319980946
305755706265216
305791596196719
259779134145710
765262376879707
530965786967421
806740419396042
1584360018468963
1416230808629883
120367078126369
654445434607538
612295742127205
608309882619868
323912631069101
1444247069185065
356331577798787
1521340141433126
340069199427388
508994489199550
1389703681303574
140564066097600
486310451435579
583403105039642
138275766304966
427493597371287
110361949133639
835369213173865
143144609198396
678599145571499
382027485240953
638561022896175
641567925911325
371996649573731
420762721378212
169287416529363
259043987534113
187283994761343
317220718387191
296650823803015
1871173863024064
264942490354346
641093902602962
398045616984958
262746197165878
1463803963900580
511341962262665
279607902176729
1690171914555527
130785073785094
676876219075665
229952120519875
1176333399052723
609182775831561
1574436162780691
755266207853869
1382564508651511
226742130808657
153274294858139
503948796473497
168435413352140
478028662282018
330331483790900
400858140043640
812917885468482
740213079362157
572266249535961
244138392432993
580477985304074
271115683040037
367620236665264
139182416291939
517331548337036
402863503150842
627826170629723
742173109251379
1608174462791409
1451982118417380
451751088292280
217940471692494
710273935710623
921526964564280
1487116534895508
579491768861755
615667895161219
337503426450900
363270137175224
1399596516985712
1439765879570849
155745054613245
1488070151448250
283675348420965
1407636409480123
332386460230518
487726431352762
691757874196808
620790821352238
324282121069519
650532361721180
763958603616622
293945570811401
692774057468255
307143662779366
295510617302873
435879176523691
288851917970579
445638215471938
1436199163324718
1652919091600853
471487922923815
817313774980076
629547940423762
588294577858078
1459555900972892
505956039432483
182244495172792
700530490034465
789966747729545
336699029790092
312370512232255
223368414411843
557986047643709
505627839499760
311130498929863
669658406424817
994596223918899
196127973872986
1500534160188730
526315017425787
1598175063728802
1391839544361124
690886984319978
882446305206225
477873492245586
1156770171001165
295676237247087
1627991397487791
675583629187221
483371318406335
119893144873923
202824163257086
565296830164915
302951966577704
374131972669570
1517908121759908
1543268705962569
224179184373332
1535402476694737
1086407688064299
1395536574095402
206358779446619
733501800054681
424982237599199
508208229314181
752968824737511
183635155150287
262895743741564
316047025163648
400873926620919
367435780017049
1435937336684696
566459513406783
1374586126199720
1458784117721055
296210943847532
554238241352179
271750896257687
318768958331397
209381649170151
462282433794759
232261040281835
195402353971708
370792299737293
450891621651287
469742226444405
1462787013977335
540852816041015
400137726751963
581483085226795
700137520002159
708179252543052
253469598098496
256068074533074
444344385706643
414063435353686
1459853274267042
157688207729243
201590786676062
1425978754355288
289608611234496
644900205599509
470788969665289
785132508206248
451642958259787
1468590210032808
306133732866610
286678768110434
1405873233012183
119825024855378
229755660515772
219137644916538
531057070291305
544334922284433
393942560724396
1380177382272724
876470875710585
523605714387408
211317962392030
193383087393498
248139531965944
168644419918845
492751907450136
296121017215248
141577952676960
287456718053996
1538533353033598
1388691494677147
463306260394164
357605787659856
192298440909715
280228428751214
300524463381349
1444262615835696
206732636142645
617911878220389
711622902188422
407263959350872
322572691152739
159498217585253
169460329876782
281188025355136
447090225369820
400865539996621
379355182213964
1397396143847157
583437695075316
505947329464519
156753254535110
476941505692855
1389020721353722
1525261944386502
581661291867946
272806139437548
351950478260923
623445581080331
160789824121602
106777106151851
991122820903217
146466148888931
464259240310857
461056843919494
137604906404942
1435446013394800
1402258409988996
480242785347402
312999478812503
274080516113559
537102729635246
363085780456505
558955134134645
270140436509355
318698221593927
332680776818123
1551392678409105
476209302447823
410548869024560
524350254300910
440086962722496
162794950559637
314052652033415
276506179212023
449431191842764
142771332540833
412585692132814
223718257834527
452427671473762
535588179816513
1452698081669218
444442368951499
1436368046629998
471185896416191
305738122936521
194160667405533
210610535730717
181218238733176
523468054358353
1457895501144635
277372029070328
795251457184853
1498772640334638
187192081431941
1374652716104355
526035750831399
1417989925130313
793511760707046
383124135121251
398353013628477
1422378071324479
273253942740902
218900121597522
475063229199784
551176094894482
506483659438686
511258618962696
529048757209073
146847105463360
1430994313781029
459277080877072
427192987338805
1419282598321118
454101561371294
373177609459726
584815298302994
203485616465868
156142284576778
1405219323056241
622868994415911
737680782946087
646252572148783
283990065065835
167046623455805
740355812697002
767168260007048
552228364827534
378906012199476
491499424248852
602111916536390
240126192831877
265172840291358
1465793266968953
304490673027623
172407482896741
294408863966746
1599783716915382
355492741202949
572841316114743
1448523968728225
106313399521077
177686355768902
581132788583609
479409242190909
571239979634145
373850232709737
1523543961193987
484333081639681
500186263390128
492975154086100
572849102787759
163676057089791
793212727367028
290598514359747
1537050943175343
1481185308803137
365725413582998
482745788530251
326671050814219
261077937432300
1507351469485801
709473845803339
522513414480972
685026924865753
343646252426940
313843835456797
600620596723409
126923314380968
421396671336865
548012091895772
530837050457137
299902980114464
420900538017241
511600478904795
555433941188872
177046245700899
233474393445969
801676586524024
275366155931158
166111833587269
274759899288197
375616862540154
229057743898229
307683032699692
548738178494966
532428266814924
562759273817259
145685385639052
282136775286868
809518102426340
364536013671163
736393803058652
123074384559698
429739003748331
477642385661700
385064068292101
1528232917399366
392782054133093
178806268966047
430403947056426
1464042703837365
1455330608067225
475716365840592
171164029752881
781482301882684
288405397970335
1448962472029950
328830727262024
273340946069223
242414792624275
679130888815058
1428907317373670
262228837254853
458759450890769
648327295211945
1445267532355366
303649013115422
415128421960918
158454357674278
287916198021086
340692076056662
465811803511583
512410158813067
258149347723183
1423060674574675
1482442708706564
118375281679446
217820925081562
433299256787767
1481800395401698
460263377429573
409619145842296
731397190253071
157073471131571
1467513560151564
544782215637278
667492779951229
267004930117227
1426645464275226
650365888377804
537302059640436
484853944881691
399963583440148
1489179244641044
703882843000224
367103200110694
148084135330084
384914524926691
1548046975423183
499711043507592
598435413544361
591638337538071
515923561800656
802650466432195
295931577185665
335891259873777
724248317638041
216657725377300
1420545091495987
457625724302897
467734193300925
354503181374411
622404254439598
331641336938954
100802116791906
649740078375876
505888072844318
544805902299221
290743394401223
511861328879035
469316696482997
348222308662197
368423313232090
833098036704403
1490426667841777
235078573265458
860606130630571
233141680155402
284685614958849
350992855060453
649158005101692
480606848709224
1461980934052646
584350078265638
363690560386587
282578548521840
497566003596002
717628954961744
536550683139115
597536160269303
592935970737982
172870262895001
105841366241506
482108468479954
707912892615673
705094632874991
604189009701631
822778961099558
390177954420337
635602643204583
170309003129268
846564692043602
189344754587886
316485798479099
706729639413201
330568263763959
136802759835410
736908129655756
293575914184180
582407791802234
1413603515577495
573474946038378
148843961942829
170327253099588
198634800291930
1386242048253905
504953822891627
730728530306007
294474214057400
618911561559644
584464618293082
548560081841941
1384668571808468
624016351043093
1530807683807375
420924024610709
567341476630554
211671979027636
498151553583520
477116229035236
232045650310037
391360794307596
604361039632784
507927802649563
1452028871709428
404799412925183
870709832956769
586048254757683
273951579378372
126198084244004
607730985926019
258499434174902
577366105723119
291288020986100
441036572690304
1452632271661360
490678404399170
153139664868979
1385248975046837
413827038684377
735829846443968
630815303598895
207324272773917
168985186596373
359687040820919
155401144609050
276503415859289
605373792884521
1386159821619338
435012206568044
776217089072705
473140016095372
144704695713904
1540984369460099
588333277949552
294588660645987
136692149842621
146927445493030
286110031530940
513849741974270
1450837091840784
222449061226068
1421383811413018
452930788079117
449524151804336
117961855023969
506209926129569
503367993019804
785558251467088
138992849618193
277799995696923
129420340576254
178573288970747
280113718814048
361282613986866
385634584887267
653973481294333
450278148399441
497260823741812
1470740596503169
228148347393321
532357143466778
219243651465830
183421135195456
292640077511326
159612990795561
679386462145432
521387177904310
242768032521980
367042763434228
298873733608354
375043089268543
801791113195460
156523874494875
199197426907258
539426809447518
468321276613599
1463116833949135
533141500093122
304135706421226
476573329095127
410113395787908
106275276205777
1504915306406759
350687498392385
590248360993003
361786550581169
233402173455617
224550424376667
609467945838464
535276856583369
381627178587201
265874406918396
509140762467277
293879590725158
590858067629518
517239355064479
532306496796811
597841923586475
244790462290527
283890585087490
1434113756803902
621626037949822
301421113293251
1744818395739060
495252393819582
145462158974240
247913681999245
439079466104233
843933122401117
378733512228096
385478164854504
426580727455278
1444073112538419
546241498779418
501108486645443
430078957073654
1000241086763778
470314679776500
551360328320852
643704435670686
636575576369243
1453454334941463
212835518847599
237138789803493
288144647998950
380147125473615
1476223675985456
245009165691610
1523063564573471
127904540691399
178050212380543
566265253424236
650726024999460
450181965042328
462729080482878
431283033690738
587239034636319
429433693852994
183386425118475
300519666733316
702679199780137
1441101156154235
453966907995632
279798608864021
1029148013829964
138395219693002
861587567261268
809708425746227
1478406619118308
251914088291311
579617002114633
388034968005674
284342168253765
269030976629066
791861260858569
807679895957787
170911699720841
1565952496951447
508528579204631
202811289868170
620466054673167
347451251985598
1515781902010427
494813010591268
784471968260269
670337896377917
1674142719496188
1670771033148706
1591048814491822
240916209353638
1414048092216390
359391070804845
245784008893215
2124302684375505
508952159212254
777073142304071
369417033131275
429442103818664
475535299184024
292872694195798
1487934034824022
787789394579427
288462907955337
924602520900295
169522956516992
1482730435303563
255122844688937
362520953943770
437803009635051
366823126740658
276887092487826
1558103664417446
291206267748629
339340269548961
579504518799119
317420205127347
889639954396919
114036425417058
262999337143063
312381792209198
324157804388499
838020339541572
661848130529941
242860199175601
685282264894402
279327042270747
241473365965301
521549791248202
288473571307511
638041949612397
274023032779212
314992598672267
1499602343619446
371385556324939
236392036571777
1508037322758547
595344497162334
140822686097851
1435138166745172
448324545257130
708701745850168
466378880076179
426502840804499
816918938342633
1430939940504736
121610454690760
460480847386193
1463091603979508
397789700346605
617884521556130
1514689058761664
692867874088200
267660810015960
117149238436180
1429586907310220
494334504005831
135559843300150
544725885588666
255687024583870
1760660800845284
1407956019447245
499157276801786
452661341465107
1528918283994068
341177376028690
333766343391517
1428769847338838
620235344715873
541439605873475
187199698091319
1458204561097702
1395829643965518
199550670203890
261490097375870
633703733382631
339579746174232
1398606950387637
443543982455205
677408858948025
402624856477285
748016298576586
1538306999724541
242641742607701
211130185688994
167869700070765
251187155064381
642778605838403
215078252032415
1479083429044936
256577461192463
292992104172178
525899490838008
1424285127826047
1478233849083870
221331477992719
249252178516450
278892675591634
275695145895016
495970130506553
320996838053324
688303457860676
551120535007347
767512983299176
1511962035686538
173517939474409
259726714209072
731071700279144
591667534274495
476870345721817
1485781318325966
593944797392302
1430077367233601
543631652361562
626429884066777
715141095215400
1468783046713874
491996640830733
399795063442490
344267312360838
1405451009670072
431334487010216
383071498428536
146791082133382
707946902612346
551132544930490
883217918371434
704535986279668
381461921950305
204226156367237
274459752715162
864212083686534
1534748986753290
502042286510086
434075153354830
1486721481558732
308595425966668
511075958983123
1381283412097410
390039354441235
216229858507630
442474249169986
266974456820859
565310810338613
397922243610644
532690700117309
431115450289652
1508761976060770
263778497164134
423785747687974
1456749204561865
1427318960862750
274435099608884
115456328603403
290665771037803
130447360395057
1745047795764330
241065562743422
248169071984248
740459362641633
383439791757446
261177950625003
419648804806974
346879165412991
395052447298301
731783020218850
314386875340465
522231337827555
147967908724597
395733830511064
549795955073043
145404738988709
872552406090698
457961160983841
1072870036121783
505512766170405
180956815373938
538441319595235
649904388413286
437812176279346
1389200564648639
491874744255057
351958864840642
145171988936202
653239344758799
284311345104365
171093016374129
405784589542588
268158076718540
129532877218513
123490004515477
1545876459030690
525506037471882
586640791450903
1474869276076526
367213833324085
1401785826723899
633672183406922
164500023723518
248234825317003
420791474671207
100137896831649
1434492586776719
344210382400886
318851581593304
237740736395719
261011437340484
339071609545682
433374266724043
308070189298956
303702979808162
200224946772803
238507522957642
333182156826850
520947587993965
280815962104943
797219140311453
165893753566172
556711497833710
189843137822898
1415501105328055
421280811346616
616572541768033
527152743971041
188388997961744
512566155473166
384684141631509
1437918633143926
453660594684601
1531930980359038
326731417533489
776759565688940
428463237170272
406015716089200
223812067772896
308289929345665
1488438784777452
180316135458334
465775526817864
655259124490356
273798652822481
185043468351637
470377956366893
685920148103668
470117443109156
198397163642430
572136786164545
151785708351631
127684267383537
781917738518563
324658974365035
207860466042945
127021310829663
177398415934464
462605243830543
563206520425242
680625635352762
349852468451538
609996612444253
777995125606508
575338549209843
239357096209182
511800625568740
255021941355091
418450764871490
1642126482732126
556849447686351
140510416098595
548018048564158
447677008672580
396760597097683
140432309473695
377551235609662
322437194472577
329735163828271
261239310687346
581573728622360
834493306565858
284062675027498
720263191330603
675601465788742
276899085687821
651988354839211
296826487114097
447135338668766
249699805191895
140193432833138
371106132994719
398367830290697
683151548371382
494485007354605
105520152956149
603213926458439
165856516907905
337678242977209
699178883463428
188594931266434
783229055026467
241718019219812
478864355516389
334677313295749
292591640911876
1391827411055781
636859039717206
119707068113366
154146218067007
387190541425410
368470416589867
458017787644699
192023097613746
211011712394266
671220739579841
262963757219022
605989246100739
218881644913302
1476127695963365
470691842952836
826512614044005
758090780908545
558340020854108
203774629805058
1547048332187896
198987300277873
537251126334024
192524634235306
524791880981234
603775479679827
619353591432168
456453664453618
403941466346265
430845600271475
252160214918089
1431931257048915
524613190962727
805588762840410
499284666769436
139462182909958
607812085922600
1580669598813494
710362395644893
303245369767565
150790798405792
381554171922897
317371738284320
322629941147970
371860829657395
375335175938071
219532708233579
251705854968294
165051416987534
113462365452492
720843847964095
116933768453762
209368265885800
224369894374638
576322252398732
759465304078744
380983615305245
1420112078205059
663628193702097
386886964699853
603104756395656
154605408045260
578754178805847
170814076445568
1388955911346731
355733851175249
532092176871481
609341182427598
640389486049921
298366650268021
1386964898200096
911198305578610
1411095429178430
685447841512284
285111501519142
448606988507720
247446565453557
116892138481527
1414935055444822
422163761228810
524001784357473
1479744482314512
172174409622810
230698320450374
328355560648541
377690072279781
241104322740023
255656804603583
437785282973012
644456252276385
367400173394036
205949362890942
146101885569124
265797290262956
101818356644216
363263760438692
413226962142520
487469421342260
292297640870438
168851283276136
1394822254093701
519581824789114
580583171954528
143990045756384
357323771012353
101406166685021
465799413542294
524271090965050
443514492363660
307037402779251
355946137858125
424143500980814
527166950685185
124580107694519
378801968909139
615386488525704
398582630253230
758703197485091
1386893718213825
544538768922173
192382654260320
247013618790072
458259897611516
535471856523268
400981676686157
132849946926157
550102815030414
504841349621778
292681870863264
160015157502715
470273873078139
384624254977326
717337981629159
502773563123581
370767919696555
125723164264733
293081810845039
592672157454196
455172354573066
462616297149140
528855533836222
159387620893036
537652599665759
517095411649216
1499588870254901
635262976555663
242643162592533
498284766908155
682926901757195
304657996279026
173323759542584
830333570315393
405295969515167
148099678710153
442398649181963
389012897855195
603320676442369
489977131097633
1416250738649454
148334525290164
131095503711083
665585940152590
648546491886906
277314789020591
249128428620043
129390373890309
346517415465949
522264491201306
124505787715486
1428327967434295
151099741760877
182880788536061
600311866718722
605674292857360
119734221562295
231371277028431
560346474039037
132176206960202
271482746346389
1411248035761060
385023951615554
1424898364440431
506777406041455
220055791506468
281223102045822
604972292872799
323762094397466
374563769308308
181455101986200
598548573503100
325951164189067
386012328185080
204979903005004
515164858572709
475152165861542
107921329314142
176008135922531
462374427212195
357267737733498
223656797787699
241352146075179
438458212897396
482847588512936
380906155326662
354988607937001
185888138279576
446549772040298
225555360958402
352957654834005
377885589007514
502037779841318
815965008417269
638842539539192
367595376715972
273329819458779
215042758651661
350518478420953
673790832661068
556580527738909
321227494655218
153193694852743
162087350659201
272905399508308
302651903207252
437197389749373
240772252696908
384883594951279
757293554285767
201076273375839
290044817799377
436001739830621
158014041066177
689327327773807
177290572424746
173055342819728
377857365615819
455891861110068
772765916101769
1637429786481399
421933124507400
179531332253558
533888623326157
601075689914134
378381665614392
675648159128480
511652188894289
356482794446720
301550493326242
551411448241301
580659088714612
455985464477706
550752051644460
435327666534396
227683027320604
253957248133627
224145737645730
1468351859971049
578219968894235
161897500665241
192783627541024
326767030744911
462298707150122
535558089803809
299512623454085
241524152699383
459958974088340
159171487579525
627568880609177
561418693893603
464637300289852
200919483347945
609146435800922
204153966324038
485036641586682
1426993137539676
150609051809899
174733389328544
390649264353644
411679298893712
412708572115586
183574515129601
545750752133587
453669348061888
161926983998006
1478179642394147
297491597071497
192995284168269
471387696227399
294450064035681
227881363996119
526769540704599
1412660085628499
198844110280262
484522974991963
169878476534995
436490869725986
176165052589967
395366987182668
692626887426511
400841786683751
230193417150759
223411137784134
575933089094772
101144330047993
255036671344441
515823408478400
541887325873774
524478521015207
184907321648600
594860853879829
593901327325678
396629080387485
249111611889257
550986238270044
424275257634435
270696339709927
227005410789255
207553626047865
102755823199525
191895544294580
125642420924649
272831046166750
621874267835157
167395133428463
222853311185979
459858114099526
441125329311647
1396106867334452
1376355835922464
305875512905357
186227748202229
356464264450016
385618058171821
155916111262380
271954842966196
281255078699360
1408968699384158
155567774634371
188604131198664
624261990982181
546408322093826
241816585865278
255858994511081
602353516494038
453631941363271
672070602855749
418075011655578
563564550332105
195030520620690
326002470818383
528156073909123
483375661740295
1392827977639581
621964401147123
240861232705338
453412278084366
1397266583850689
156035854567669
352377284807962
150335495171391
450356978348522
220002861477854
778819512130481
302773989828318
527940853953932
549301138447203
207594192758714
480902025363108
263350450424391
513236268735929
467858903333730
437649139684777
1419960621604623
1465814136998614
255134314674226
601248373231300
236477033169705
1419080331677712
700667679968572
247968175313172
430851567025858
324431861015835
394387443971107
184381008393442
424421500937371
585968278091916
574892495876099
469043269825251
1386826441593642
622682974460063
504401149617685
409146369132846
193110744187008
218362501651792
530987950343619
383600258377750
399923840069881
187280898094503
644325892301705
551741371607069
165424193650514
120969514766108
396966490441073
581858508499228
132201553636073
522002547882864
704193479598030
223736494490767
388041577976148
503095926407273
827119947314469
397252593687819
497349690314722
261432100568475
1494708267414991
114165328664946
1421189084780804
684829574899033
1402635183286318
119899458217536
544409885584255
262577770590118
399603780138801
285674144910448
639364729413199
206321926097912
635145113213901
218683288246409
886904701464611
383453621698654
1444470612468412
1514992768781986
405130322974207
348546145344406
226130227580827
